0,0	-610
0,1	-7763
0,10	6788
0,11	-22531
0,12	11080
0,13	22888
0,14	16294
0,15	20880
0,16	-17844
0,17	10724
0,18	26271
0,19	-30855
0,2	5046
0,20	7800
0,21	55953
0,22	-39323
0,23	-10132
0,24	6146
0,25	11697
0,26	10617
0,27	879
0,28	-2491
0,29	32680
0,3	37135
0,30	-11614
0,31	-39353
0,32	22785
0,33	-11285
0,34	6231
0,35	17645
0,36	42690
0,37	28706
0,38	51662
0,39	12543
0,4	-8648
0,40	4829
0,41	-6959
0,42	-21088
0,43	50803
0,44	-19195
0,45	38887
0,46	-23676
0,47	-13150
0,48	-27276
0,49	-21926
0,5	9942
0,50	0
0,51	0
0,52	0
0,53	0
0,54	0
0,55	0
0,56	0
0,57	0
0,58	0
0,59	0
0,6	-590
0,60	0
0,61	0
0,62	0
0,63	0
0,64	0
0,65	0
0,66	0
0,67	0
0,68	0
0,69	0
0,7	6014
0,70	0
0,71	0
0,72	0
0,73	0
0,74	0
0,75	0
0,76	0
0,77	0
0,78	0
0,79	0
0,8	18490
0,80	0
0,81	0
0,82	0
0,83	0
0,84	0
0,85	0
0,86	0
0,87	0
0,88	0
0,89	0
0,9	9663
0,90	0
0,91	0
0,92	0
0,93	0
0,94	0
0,95	0
0,96	0
0,97	0
0,98	0
0,99	0
1,0	12813
1,1	-19139
1,10	2951
1,11	18276
1,12	13749
1,13	6912
1,14	-554
1,15	-19884
1,16	10661
1,17	36501
1,18	-12447
1,19	21733
1,2	44215
1,20	-50624
1,21	-19088
1,22	-10303
1,23	15710
1,24	3731
1,25	-28660
1,26	20137
1,27	28316
1,28	5340
1,29	16020
1,3	-36284
1,30	38612
1,31	-5443
1,32	-45068
1,33	-19538
1,34	20601
1,35	12870
1,36	-6713
1,37	-24521
1,38	-50432
1,39	-7465
1,4	-3699
1,40	-13683
1,41	12231
1,42	22468
1,43	-7267
1,44	4547
1,45	-889
1,46	7812
1,47	-49672
1,48	-59420
1,49	-28650
1,5	-2395
1,50	0
1,51	0
1,52	0
1,53	0
1,54	0
1,55	0
1,56	0
1,57	0
1,58	0
1,59	0
1,6	32213
1,60	0
1,61	0
1,62	0
1,63	0
1,64	0
1,65	0
1,66	0
1,67	0
1,68	0
1,69	0
1,7	42874
1,70	0
1,71	0
1,72	0
1,73	0
1,74	0
1,75	0
1,76	0
1,77	0
1,78	0
1,79	0
1,8	18743
1,80	0
1,81	0
1,82	0
1,83	0
1,84	0
1,85	0
1,86	0
1,87	0
1,88	0
1,89	0
1,9	-7905
1,90	0
1,91	0
1,92	0
1,93	0
1,94	0
1,95	0
1,96	0
1,97	0
1,98	0
1,99	0
10,0	-30127
10,1	-35237
10,10	34594
10,11	-1483
10,12	8885
10,13	3452
10,14	-40170
10,15	-4116
10,16	-27452
10,17	-4720
10,18	18705
10,19	-2962
10,2	26017
10,20	-7946
10,21	31796
10,22	13787
10,23	-15824
10,24	16532
10,25	27204
10,26	48300
10,27	-32340
10,28	-26850
10,29	-7312
10,3	-29904
10,30	-19557
10,31	19881
10,32	17376
10,33	-12027
10,34	-9744
10,35	-7240
10,36	35461
10,37	21461
10,38	-39010
10,39	-12062
10,4	9212
10,40	57942
10,41	9422
10,42	-50417
10,43	861
10,44	1984
10,45	18259
10,46	-10542
10,47	-1763
10,48	26444
10,49	50511
10,5	-24646
10,50	0
10,51	0
10,52	0
10,53	0
10,54	0
10,55	0
10,56	0
10,57	0
10,58	0
10,59	0
10,6	-42813
10,60	0
10,61	0
10,62	0
10,63	0
10,64	0
10,65	0
10,66	0
10,67	0
10,68	0
10,69	0
10,7	-9245
10,70	0
10,71	0
10,72	0
10,73	0
10,74	0
10,75	0
10,76	0
10,77	0
10,78	0
10,79	0
10,8	8651
10,80	0
10,81	0
10,82	0
10,83	0
10,84	0
10,85	0
10,86	0
10,87	0
10,88	0
10,89	0
10,9	-11737
10,90	0
10,91	0
10,92	0
10,93	0
10,94	0
10,95	0
10,96	0
10,97	0
10,98	0
10,99	0
11,0	-39229
11,1	-14483
11,10	13928
11,11	-27502
11,12	3568
11,13	-19466
11,14	-39389
11,15	-7997
11,16	-31207
11,17	-40873
11,18	16161
11,19	14039
11,2	-8279
11,20	-55931
11,21	-26043
11,22	22592
11,23	26618
11,24	15178
11,25	-5765
11,26	-9385
11,27	-21493
11,28	-1301
11,29	46070
11,3	40313
11,30	25721
11,31	43434
11,32	-37906
11,33	-8067
11,34	-49825
11,35	-16247
11,36	-3314
11,37	-36815
11,38	-9512
11,39	36221
11,4	-19374
11,40	-15586
11,41	-6118
11,42	-24163
11,43	-35637
11,44	-21626
11,45	29975
11,46	-55354
11,47	-19464
11,48	44359
11,49	-38038
11,5	8727
11,50	0
11,51	0
11,52	0
11,53	0
11,54	0
11,55	0
11,56	0
11,57	0
11,58	0
11,59	0
11,6	56223
11,60	0
11,61	0
11,62	0
11,63	0
11,64	0
11,65	0
11,66	0
11,67	0
11,68	0
11,69	0
11,7	13149
11,70	0
11,71	0
11,72	0
11,73	0
11,74	0
11,75	0
11,76	0
11,77	0
11,78	0
11,79	0
11,8	-9559
11,80	0
11,81	0
11,82	0
11,83	0
11,84	0
11,85	0
11,86	0
11,87	0
11,88	0
11,89	0
11,9	-1187
11,90	0
11,91	0
11,92	0
11,93	0
11,94	0
11,95	0
11,96	0
11,97	0
11,98	0
11,99	0
12,0	-7774
12,1	10483
12,10	-6119
12,11	-4239
12,12	1993
12,13	15319
12,14	-23664
12,15	9481
12,16	14319
12,17	-113
12,18	-54491
12,19	-14775
12,2	29001
12,20	-28054
12,21	-225
12,22	14626
12,23	-14454
12,24	35265
12,25	-13681
12,26	12988
12,27	25487
12,28	3528
12,29	26808
12,3	-13572
12,30	8778
12,31	7200
12,32	-32581
12,33	-24385
12,34	26106
12,35	4214
12,36	-16130
12,37	-52168
12,38	-12682
12,39	10033
12,4	-14124
12,40	-43823
12,41	-6645
12,42	6427
12,43	2181
12,44	5962
12,45	592
12,46	12007
12,47	-18551
12,48	-2272
12,49	14097
12,5	-27036
12,50	0
12,51	0
12,52	0
12,53	0
12,54	0
12,55	0
12,56	0
12,57	0
12,58	0
12,59	0
12,6	30288
12,60	0
12,61	0
12,62	0
12,63	0
12,64	0
12,65	0
12,66	0
12,67	0
12,68	0
12,69	0
12,7	46489
12,70	0
12,71	0
12,72	0
12,73	0
12,74	0
12,75	0
12,76	0
12,77	0
12,78	0
12,79	0
12,8	-29616
12,80	0
12,81	0
12,82	0
12,83	0
12,84	0
12,85	0
12,86	0
12,87	0
12,88	0
12,89	0
12,9	27828
12,90	0
12,91	0
12,92	0
12,93	0
12,94	0
12,95	0
12,96	0
12,97	0
12,98	0
12,99	0
13,0	20141
13,1	1200
13,10	13093
13,11	-31714
13,12	-12306
13,13	-20881
13,14	35639
13,15	33688
13,16	-22126
13,17	-1550
13,18	-11422
13,19	20444
13,2	-1007
13,20	39290
13,21	-10023
13,22	45500
13,23	-19669
13,24	-14565
13,25	28270
13,26	-24695
13,27	30197
13,28	-12580
13,29	-12093
13,3	-25552
13,30	-21297
13,31	-12529
13,32	2524
13,33	4951
13,34	-9739
13,35	-10637
13,36	3126
13,37	-2080
13,38	26366
13,39	63164
13,4	4262
13,40	-15667
13,41	-16059
13,42	13286
13,43	191
13,44	-38861
13,45	4676
13,46	12879
13,47	18175
13,48	3135
13,49	-7894
13,5	-41391
13,50	0
13,51	0
13,52	0
13,53	0
13,54	0
13,55	0
13,56	0
13,57	0
13,58	0
13,59	0
13,6	-1848
13,60	0
13,61	0
13,62	0
13,63	0
13,64	0
13,65	0
13,66	0
13,67	0
13,68	0
13,69	0
13,7	-30793
13,70	0
13,71	0
13,72	0
13,73	0
13,74	0
13,75	0
13,76	0
13,77	0
13,78	0
13,79	0
13,8	-14802
13,80	0
13,81	0
13,82	0
13,83	0
13,84	0
13,85	0
13,86	0
13,87	0
13,88	0
13,89	0
13,9	-2067
13,90	0
13,91	0
13,92	0
13,93	0
13,94	0
13,95	0
13,96	0
13,97	0
13,98	0
13,99	0
14,0	-19244
14,1	22615
14,10	21114
14,11	-6587
14,12	-11745
14,13	-9251
14,14	-8466
14,15	24226
14,16	3056
14,17	11830
14,18	40837
14,19	-12848
14,2	-13980
14,20	-8562
14,21	-50850
14,22	1710
14,23	-9547
14,24	-16275
14,25	-26490
14,26	-4458
14,27	-7251
14,28	-6654
14,29	14176
14,3	33717
14,30	38126
14,31	-22718
14,32	-11858
14,33	-4766
14,34	-36404
14,35	-11259
14,36	17125
14,37	-26492
14,38	8352
14,39	-45668
14,4	50771
14,40	-27569
14,41	638
14,42	-21644
14,43	6684
14,44	49129
14,45	-25018
14,46	-4630
14,47	-18495
14,48	22650
14,49	-17645
14,5	142
14,50	0
14,51	0
14,52	0
14,53	0
14,54	0
14,55	0
14,56	0
14,57	0
14,58	0
14,59	0
14,6	6191
14,60	0
14,61	0
14,62	0
14,63	0
14,64	0
14,65	0
14,66	0
14,67	0
14,68	0
14,69	0
14,7	21275
14,70	0
14,71	0
14,72	0
14,73	0
14,74	0
14,75	0
14,76	0
14,77	0
14,78	0
14,79	0
14,8	-4133
14,80	0
14,81	0
14,82	0
14,83	0
14,84	0
14,85	0
14,86	0
14,87	0
14,88	0
14,89	0
14,9	-34299
14,90	0
14,91	0
14,92	0
14,93	0
14,94	0
14,95	0
14,96	0
14,97	0
14,98	0
14,99	0
15,0	17682
15,1	43466
15,10	21068
15,11	-30550
15,12	28515
15,13	18937
15,14	-10655
15,15	5009
15,16	-11996
15,17	26414
15,18	-18913
15,19	-16174
15,2	28708
15,20	-9484
15,21	33073
15,22	19083
15,23	6980
15,24	-16595
15,25	15676
15,26	-21364
15,27	51726
15,28	4321
15,29	30081
15,3	8150
15,30	7306
15,31	-17605
15,32	10586
15,33	-16687
15,34	30963
15,35	-14818
15,36	-5313
15,37	-22442
15,38	-7905
15,39	-28265
15,4	-2127
15,40	-7570
15,41	14107
15,42	-2713
15,43	9813
15,44	-8049
15,45	-13131
15,46	-7346
15,47	11937
15,48	-2343
15,49	20994
15,5	26056
15,50	0
15,51	0
15,52	0
15,53	0
15,54	0
15,55	0
15,56	0
15,57	0
15,58	0
15,59	0
15,6	27976
15,60	0
15,61	0
15,62	0
15,63	0
15,64	0
15,65	0
15,66	0
15,67	0
15,68	0
15,69	0
15,7	-19970
15,70	0
15,71	0
15,72	0
15,73	0
15,74	0
15,75	0
15,76	0
15,77	0
15,78	0
15,79	0
15,8	-18078
15,80	0
15,81	0
15,82	0
15,83	0
15,84	0
15,85	0
15,86	0
15,87	0
15,88	0
15,89	0
15,9	15004
15,90	0
15,91	0
15,92	0
15,93	0
15,94	0
15,95	0
15,96	0
15,97	0
15,98	0
15,99	0
16,0	3502
16,1	-32713
16,10	12635
16,11	24707
16,12	-23931
16,13	-38507
16,14	9378
16,15	14472
16,16	-9994
16,17	-64782
16,18	-21530
16,19	-21708
16,2	-11756
16,20	-1273
16,21	-16562
16,22	30103
16,23	-2687
16,24	1344
16,25	-50940
16,26	-12
16,27	-19933
16,28	-19193
16,29	-23695
16,3	-4814
16,30	-2855
16,31	21123
16,32	-20131
16,33	-12910
16,34	-15667
16,35	-6808
16,36	-11817
16,37	18631
16,38	-20031
16,39	39735
16,4	-7890
16,40	5529
16,41	-6922
16,42	24700
16,43	-21938
16,44	-62622
16,45	-27932
16,46	57243
16,47	-5055
16,48	33635
16,49	-5689
16,5	-44648
16,50	0
16,51	0
16,52	0
16,53	0
16,54	0
16,55	0
16,56	0
16,57	0
16,58	0
16,59	0
16,6	-40325
16,60	0
16,61	0
16,62	0
16,63	0
16,64	0
16,65	0
16,66	0
16,67	0
16,68	0
16,69	0
16,7	-34439
16,70	0
16,71	0
16,72	0
16,73	0
16,74	0
16,75	0
16,76	0
16,77	0
16,78	0
16,79	0
16,8	-12672
16,80	0
16,81	0
16,82	0
16,83	0
16,84	0
16,85	0
16,86	0
16,87	0
16,88	0
16,89	0
16,9	-28161
16,90	0
16,91	0
16,92	0
16,93	0
16,94	0
16,95	0
16,96	0
16,97	0
16,98	0
16,99	0
17,0	-12958
17,1	-358
17,10	2910
17,11	37945
17,12	-36420
17,13	-10801
17,14	-4265
17,15	38630
17,16	16599
17,17	17410
17,18	-13925
17,19	-23654
17,2	14199
17,20	-17012
17,21	-13090
17,22	-6523
17,23	-33947
17,24	1116
17,25	13327
17,26	41655
17,27	12984
17,28	7879
17,29	-10727
17,3	-22228
17,30	-17342
17,31	-24045
17,32	2610
17,33	-3639
17,34	29598
17,35	-21101
17,36	-8590
17,37	9032
17,38	-24976
17,39	-13801
17,4	-1566
17,40	-4043
17,41	-32416
17,42	-36126
17,43	10761
17,44	42010
17,45	-25117
17,46	-13553
17,47	-27502
17,48	-3829
17,49	-14367
17,5	-11914
17,50	0
17,51	0
17,52	0
17,53	0
17,54	0
17,55	0
17,56	0
17,57	0
17,58	0
17,59	0
17,6	-17023
17,60	0
17,61	0
17,62	0
17,63	0
17,64	0
17,65	0
17,66	0
17,67	0
17,68	0
17,69	0
17,7	61144
17,70	0
17,71	0
17,72	0
17,73	0
17,74	0
17,75	0
17,76	0
17,77	0
17,78	0
17,79	0
17,8	-10969
17,80	0
17,81	0
17,82	0
17,83	0
17,84	0
17,85	0
17,86	0
17,87	0
17,88	0
17,89	0
17,9	20815
17,90	0
17,91	0
17,92	0
17,93	0
17,94	0
17,95	0
17,96	0
17,97	0
17,98	0
17,99	0
18,0	174
18,1	17246
18,10	-808
18,11	-33404
18,12	1133
18,13	-23310
18,14	45662
18,15	10534
18,16	24523
18,17	-8860
18,18	-2564
18,19	16005
18,2	223
18,20	-4012
18,21	-30239
18,22	34790
18,23	-27944
18,24	-19552
18,25	50145
18,26	1669
18,27	-21858
18,28	43814
18,29	16518
18,3	-10105
18,30	-12367
18,31	-17359
18,32	-34627
18,33	-48359
18,34	-34476
18,35	-12497
18,36	-27555
18,37	-23328
18,38	32077
18,39	5624
18,4	-3505
18,40	-61887
18,41	-63355
18,42	-9053
18,43	-3304
18,44	4783
18,45	-3488
18,46	-7809
18,47	5591
18,48	47440
18,49	-15393
18,5	-37416
18,50	0
18,51	0
18,52	0
18,53	0
18,54	0
18,55	0
18,56	0
18,57	0
18,58	0
18,59	0
18,6	660
18,60	0
18,61	0
18,62	0
18,63	0
18,64	0
18,65	0
18,66	0
18,67	0
18,68	0
18,69	0
18,7	15777
18,70	0
18,71	0
18,72	0
18,73	0
18,74	0
18,75	0
18,76	0
18,77	0
18,78	0
18,79	0
18,8	-38149
18,80	0
18,81	0
18,82	0
18,83	0
18,84	0
18,85	0
18,86	0
18,87	0
18,88	0
18,89	0
18,9	12152
18,90	0
18,91	0
18,92	0
18,93	0
18,94	0
18,95	0
18,96	0
18,97	0
18,98	0
18,99	0
19,0	-13202
19,1	-17665
19,10	20338
19,11	30099
19,12	13666
19,13	-48577
19,14	-9697
19,15	6825
19,16	4595
19,17	18611
19,18	28740
19,19	26677
19,2	-35980
19,20	-24452
19,21	-11451
19,22	12317
19,23	-14965
19,24	-26360
19,25	-33277
19,26	1611
19,27	14657
19,28	9665
19,29	-1695
19,3	-31446
19,30	-14172
19,31	15477
19,32	26
19,33	-5250
19,34	-15710
19,35	-41638
19,36	-4027
19,37	-16005
19,38	-18422
19,39	-33686
19,4	7032
19,40	53788
19,41	-597
19,42	18604
19,43	-12894
19,44	357
19,45	7555
19,46	33171
19,47	28899
19,48	-6400
19,49	45346
19,5	33194
19,50	0
19,51	0
19,52	0
19,53	0
19,54	0
19,55	0
19,56	0
19,57	0
19,58	0
19,59	0
19,6	-31392
19,60	0
19,61	0
19,62	0
19,63	0
19,64	0
19,65	0
19,66	0
19,67	0
19,68	0
19,69	0
19,7	37757
19,70	0
19,71	0
19,72	0
19,73	0
19,74	0
19,75	0
19,76	0
19,77	0
19,78	0
19,79	0
19,8	-12649
19,80	0
19,81	0
19,82	0
19,83	0
19,84	0
19,85	0
19,86	0
19,87	0
19,88	0
19,89	0
19,9	5363
19,90	0
19,91	0
19,92	0
19,93	0
19,94	0
19,95	0
19,96	0
19,97	0
19,98	0
19,99	0
2,0	-21346
2,1	52180
2,10	-2099
2,11	12401
2,12	-20343
2,13	-26632
2,14	18586
2,15	-26474
2,16	-20794
2,17	26466
2,18	21094
2,19	10279
2,2	23581
2,20	-3688
2,21	7887
2,22	25700
2,23	-4323
2,24	45137
2,25	20692
2,26	14011
2,27	-6035
2,28	30241
2,29	-34179
2,3	-37283
2,30	6609
2,31	33576
2,32	38409
2,33	23151
2,34	-31116
2,35	-19646
2,36	-31788
2,37	2340
2,38	-2658
2,39	-12513
2,4	-19755
2,40	-10541
2,41	-20589
2,42	44908
2,43	-75050
2,44	-31826
2,45	8186
2,46	-17960
2,47	24572
2,48	-23704
2,49	-35746
2,5	-11058
2,50	0
2,51	0
2,52	0
2,53	0
2,54	0
2,55	0
2,56	0
2,57	0
2,58	0
2,59	0
2,6	22598
2,60	0
2,61	0
2,62	0
2,63	0
2,64	0
2,65	0
2,66	0
2,67	0
2,68	0
2,69	0
2,7	-9287
2,70	0
2,71	0
2,72	0
2,73	0
2,74	0
2,75	0
2,76	0
2,77	0
2,78	0
2,79	0
2,8	19202
2,80	0
2,81	0
2,82	0
2,83	0
2,84	0
2,85	0
2,86	0
2,87	0
2,88	0
2,89	0
2,9	6569
2,90	0
2,91	0
2,92	0
2,93	0
2,94	0
2,95	0
2,96	0
2,97	0
2,98	0
2,99	0
20,0	9355
20,1	7201
20,10	7469
20,11	29098
20,12	-7577
20,13	20255
20,14	18958
20,15	13030
20,16	-1177
20,17	11833
20,18	-16887
20,19	28147
20,2	28082
20,20	-12673
20,21	33012
20,22	26316
20,23	-14503
20,24	3535
20,25	35038
20,26	-27243
20,27	9820
20,28	25676
20,29	24055
20,3	-13848
20,30	-3528
20,31	-40426
20,32	31467
20,33	7738
20,34	13820
20,35	-24297
20,36	12594
20,37	5561
20,38	-22377
20,39	-14382
20,4	30327
20,40	43681
20,41	-8868
20,42	-10163
20,43	2762
20,44	22111
20,45	31871
20,46	-3766
20,47	741
20,48	-51536
20,49	-35593
20,5	-6183
20,50	0
20,51	0
20,52	0
20,53	0
20,54	0
20,55	0
20,56	0
20,57	0
20,58	0
20,59	0
20,6	-7250
20,60	0
20,61	0
20,62	0
20,63	0
20,64	0
20,65	0
20,66	0
20,67	0
20,68	0
20,69	0
20,7	-5311
20,70	0
20,71	0
20,72	0
20,73	0
20,74	0
20,75	0
20,76	0
20,77	0
20,78	0
20,79	0
20,8	17219
20,80	0
20,81	0
20,82	0
20,83	0
20,84	0
20,85	0
20,86	0
20,87	0
20,88	0
20,89	0
20,9	-23581
20,90	0
20,91	0
20,92	0
20,93	0
20,94	0
20,95	0
20,96	0
20,97	0
20,98	0
20,99	0
21,0	7936
21,1	2499
21,10	8322
21,11	-5302
21,12	-35095
21,13	15738
21,14	8322
21,15	11697
21,16	-39168
21,17	39063
21,18	36050
21,19	-352
21,2	23111
21,20	-14828
21,21	-12117
21,22	16146
21,23	-38147
21,24	-4933
21,25	42484
21,26	10349
21,27	2855
21,28	14250
21,29	-7076
21,3	43466
21,30	-50487
21,31	-32105
21,32	30979
21,33	22693
21,34	7149
21,35	1832
21,36	11170
21,37	8332
21,38	15646
21,39	-171
21,4	6008
21,40	-22364
21,41	-6959
21,42	-20931
21,43	41393
21,44	23634
21,45	-35189
21,46	-10249
21,47	16564
21,48	9587
21,49	-15392
21,5	-21184
21,50	0
21,51	0
21,52	0
21,53	0
21,54	0
21,55	0
21,56	0
21,57	0
21,58	0
21,59	0
21,6	-15317
21,60	0
21,61	0
21,62	0
21,63	0
21,64	0
21,65	0
21,66	0
21,67	0
21,68	0
21,69	0
21,7	-20402
21,70	0
21,71	0
21,72	0
21,73	0
21,74	0
21,75	0
21,76	0
21,77	0
21,78	0
21,79	0
21,8	17022
21,80	0
21,81	0
21,82	0
21,83	0
21,84	0
21,85	0
21,86	0
21,87	0
21,88	0
21,89	0
21,9	28857
21,90	0
21,91	0
21,92	0
21,93	0
21,94	0
21,95	0
21,96	0
21,97	0
21,98	0
21,99	0
22,0	-4537
22,1	-13962
22,10	-21153
22,11	-387
22,12	5670
22,13	44937
22,14	-4084
22,15	-11525
22,16	253
22,17	11040
22,18	-17489
22,19	11946
22,2	951
22,20	458
22,21	-41745
22,22	8237
22,23	23752
22,24	45983
22,25	-10825
22,26	8311
22,27	-54394
22,28	9252
22,29	36795
22,3	-10852
22,30	6103
22,31	27640
22,32	-19534
22,33	14148
22,34	-29946
22,35	41003
22,36	7262
22,37	-299
22,38	-29713
22,39	9420
22,4	15561
22,40	46835
22,41	3741
22,42	-31599
22,43	-12485
22,44	-239
22,45	-19367
22,46	32666
22,47	-31489
22,48	30889
22,49	-14800
22,5	25133
22,50	0
22,51	0
22,52	0
22,53	0
22,54	0
22,55	0
22,56	0
22,57	0
22,58	0
22,59	0
22,6	30271
22,60	0
22,61	0
22,62	0
22,63	0
22,64	0
22,65	0
22,66	0
22,67	0
22,68	0
22,69	0
22,7	1538
22,70	0
22,71	0
22,72	0
22,73	0
22,74	0
22,75	0
22,76	0
22,77	0
22,78	0
22,79	0
22,8	68899
22,80	0
22,81	0
22,82	0
22,83	0
22,84	0
22,85	0
22,86	0
22,87	0
22,88	0
22,89	0
22,9	-3626
22,90	0
22,91	0
22,92	0
22,93	0
22,94	0
22,95	0
22,96	0
22,97	0
22,98	0
22,99	0
23,0	11931
23,1	-21433
23,10	11889
23,11	33265
23,12	-14244
23,13	10092
23,14	14878
23,15	294
23,16	14193
23,17	48529
23,18	39996
23,19	-17816
23,2	-16391
23,20	9545
23,21	-3160
23,22	-15504
23,23	28034
23,24	5661
23,25	-57957
23,26	-14453
23,27	9484
23,28	-29363
23,29	4355
23,3	-7840
23,30	28456
23,31	47696
23,32	-23589
23,33	-18014
23,34	-67827
23,35	-1002
23,36	-17726
23,37	-22537
23,38	40861
23,39	19235
23,4	-10575
23,40	5613
23,41	-2078
23,42	28773
23,43	-35135
23,44	-3608
23,45	16443
23,46	6676
23,47	12758
23,48	14776
23,49	19690
23,5	12495
23,50	0
23,51	0
23,52	0
23,53	0
23,54	0
23,55	0
23,56	0
23,57	0
23,58	0
23,59	0
23,6	37640
23,60	0
23,61	0
23,62	0
23,63	0
23,64	0
23,65	0
23,66	0
23,67	0
23,68	0
23,69	0
23,7	27493
23,70	0
23,71	0
23,72	0
23,73	0
23,74	0
23,75	0
23,76	0
23,77	0
23,78	0
23,79	0
23,8	23283
23,80	0
23,81	0
23,82	0
23,83	0
23,84	0
23,85	0
23,86	0
23,87	0
23,88	0
23,89	0
23,9	5437
23,90	0
23,91	0
23,92	0
23,93	0
23,94	0
23,95	0
23,96	0
23,97	0
23,98	0
23,99	0
24,0	-4995
24,1	19228
24,10	26862
24,11	-29008
24,12	14121
24,13	11503
24,14	-16175
24,15	-13895
24,16	-25396
24,17	5991
24,18	-43282
24,19	29089
24,2	4489
24,20	-26346
24,21	7711
24,22	12455
24,23	-18449
24,24	14317
24,25	-26354
24,26	38525
24,27	10294
24,28	-773
24,29	22132
24,3	-2725
24,30	33265
24,31	-184
24,32	-11298
24,33	-5399
24,34	6970
24,35	7142
24,36	546
24,37	-40758
24,38	16459
24,39	-41000
24,4	-785
24,40	-7350
24,41	7321
24,42	14501
24,43	7303
24,44	6976
24,45	-732
24,46	-7477
24,47	-6047
24,48	-42170
24,49	41592
24,5	-23804
24,50	0
24,51	0
24,52	0
24,53	0
24,54	0
24,55	0
24,56	0
24,57	0
24,58	0
24,59	0
24,6	14265
24,60	0
24,61	0
24,62	0
24,63	0
24,64	0
24,65	0
24,66	0
24,67	0
24,68	0
24,69	0
24,7	7720
24,70	0
24,71	0
24,72	0
24,73	0
24,74	0
24,75	0
24,76	0
24,77	0
24,78	0
24,79	0
24,8	-13659
24,80	0
24,81	0
24,82	0
24,83	0
24,84	0
24,85	0
24,86	0
24,87	0
24,88	0
24,89	0
24,9	-18195
24,90	0
24,91	0
24,92	0
24,93	0
24,94	0
24,95	0
24,96	0
24,97	0
24,98	0
24,99	0
25,0	-31374
25,1	-12894
25,10	-11810
25,11	39693
25,12	-8499
25,13	16638
25,14	-17718
25,15	29407
25,16	9552
25,17	-3018
25,18	15650
25,19	-38556
25,2	2826
25,20	-45755
25,21	2494
25,22	804
25,23	6751
25,24	169
25,25	-54189
25,26	-9176
25,27	693
25,28	33988
25,29	-7059
25,3	-4763
25,30	-33794
25,31	8166
25,32	-2771
25,33	14735
25,34	12946
25,35	17477
25,36	-17406
25,37	795
25,38	12223
25,39	7615
25,4	-24293
25,40	11288
25,41	3404
25,42	26519
25,43	16208
25,44	6910
25,45	-11568
25,46	-11569
25,47	16195
25,48	-16239
25,49	-11985
25,5	29350
25,50	0
25,51	0
25,52	0
25,53	0
25,54	0
25,55	0
25,56	0
25,57	0
25,58	0
25,59	0
25,6	-27146
25,60	0
25,61	0
25,62	0
25,63	0
25,64	0
25,65	0
25,66	0
25,67	0
25,68	0
25,69	0
25,7	36892
25,70	0
25,71	0
25,72	0
25,73	0
25,74	0
25,75	0
25,76	0
25,77	0
25,78	0
25,79	0
25,8	6869
25,80	0
25,81	0
25,82	0
25,83	0
25,84	0
25,85	0
25,86	0
25,87	0
25,88	0
25,89	0
25,9	25019
25,90	0
25,91	0
25,92	0
25,93	0
25,94	0
25,95	0
25,96	0
25,97	0
25,98	0
25,99	0
26,0	-6793
26,1	-6655
26,10	11616
26,11	8274
26,12	-34942
26,13	-15815
26,14	13415
26,15	24042
26,16	20831
26,17	11249
26,18	37357
26,19	-47000
26,2	-30561
26,20	12793
26,21	-14967
26,22	-42029
26,23	239
26,24	3942
26,25	2045
26,26	-7571
26,27	-17130
26,28	-2409
26,29	-45326
26,3	5856
26,30	-3157
26,31	-27231
26,32	5591
26,33	14257
26,34	-14873
26,35	-6062
26,36	243
26,37	34496
26,38	808
26,39	-43912
26,4	-1933
26,40	38402
26,41	-11776
26,42	-58548
26,43	-5182
26,44	-10699
26,45	-38547
26,46	2042
26,47	38032
26,48	36850
26,49	-4106
26,5	32366
26,50	0
26,51	0
26,52	0
26,53	0
26,54	0
26,55	0
26,56	0
26,57	0
26,58	0
26,59	0
26,6	-20420
26,60	0
26,61	0
26,62	0
26,63	0
26,64	0
26,65	0
26,66	0
26,67	0
26,68	0
26,69	0
26,7	1676
26,70	0
26,71	0
26,72	0
26,73	0
26,74	0
26,75	0
26,76	0
26,77	0
26,78	0
26,79	0
26,8	19089
26,80	0
26,81	0
26,82	0
26,83	0
26,84	0
26,85	0
26,86	0
26,87	0
26,88	0
26,89	0
26,9	-6838
26,90	0
26,91	0
26,92	0
26,93	0
26,94	0
26,95	0
26,96	0
26,97	0
26,98	0
26,99	0
27,0	-39248
27,1	-22155
27,10	30204
27,11	-36468
27,12	-18087
27,13	-68809
27,14	9844
27,15	4980
27,16	-6877
27,17	-57310
27,18	13250
27,19	11560
27,2	-17000
27,20	18117
27,21	30559
27,22	18370
27,23	-14903
27,24	-42972
27,25	13436
27,26	1980
27,27	26246
27,28	20609
27,29	-4607
27,3	4702
27,30	10025
27,31	-13638
27,32	18280
27,33	-5690
27,34	7528
27,35	-16164
27,36	6766
27,37	10159
27,38	-202
27,39	20786
27,4	7333
27,40	24685
27,41	18690
27,42	-27429
27,43	6506
27,44	-21456
27,45	19245
27,46	-461
27,47	12065
27,48	38954
27,49	15331
27,5	2230
27,50	0
27,51	0
27,52	0
27,53	0
27,54	0
27,55	0
27,56	0
27,57	0
27,58	0
27,59	0
27,6	-38768
27,60	0
27,61	0
27,62	0
27,63	0
27,64	0
27,65	0
27,66	0
27,67	0
27,68	0
27,69	0
27,7	-14693
27,70	0
27,71	0
27,72	0
27,73	0
27,74	0
27,75	0
27,76	0
27,77	0
27,78	0
27,79	0
27,8	-47183
27,80	0
27,81	0
27,82	0
27,83	0
27,84	0
27,85	0
27,86	0
27,87	0
27,88	0
27,89	0
27,9	-15552
27,90	0
27,91	0
27,92	0
27,93	0
27,94	0
27,95	0
27,96	0
27,97	0
27,98	0
27,99	0
28,0	13190
28,1	-4444
28,10	34617
28,11	-19954
28,12	-15042
28,13	-2158
28,14	-3186
28,15	-5128
28,16	-1439
28,17	-27760
28,18	-368
28,19	-24969
28,2	-52936
28,20	66337
28,21	24773
28,22	-8250
28,23	13975
28,24	-3404
28,25	15937
28,26	-4245
28,27	-48686
28,28	-40474
28,29	-13821
28,3	-437
28,30	-894
28,31	-5483
28,32	-2821
28,33	27306
28,34	-21839
28,35	627
28,36	-5408
28,37	48603
28,38	-6986
28,39	-13340
28,4	25384
28,40	68156
28,41	27771
28,42	18987
28,43	-45496
28,44	129
28,45	-13556
28,46	-9689
28,47	990
28,48	25698
28,49	6459
28,5	-34880
28,50	0
28,51	0
28,52	0
28,53	0
28,54	0
28,55	0
28,56	0
28,57	0
28,58	0
28,59	0
28,6	-11961
28,60	0
28,61	0
28,62	0
28,63	0
28,64	0
28,65	0
28,66	0
28,67	0
28,68	0
28,69	0
28,7	-77987
28,70	0
28,71	0
28,72	0
28,73	0
28,74	0
28,75	0
28,76	0
28,77	0
28,78	0
28,79	0
28,8	-6941
28,80	0
28,81	0
28,82	0
28,83	0
28,84	0
28,85	0
28,86	0
28,87	0
28,88	0
28,89	0
28,9	-10914
28,90	0
28,91	0
28,92	0
28,93	0
28,94	0
28,95	0
28,96	0
28,97	0
28,98	0
28,99	0
29,0	-9911
29,1	-49353
29,10	-24906
29,11	19475
29,12	-19307
29,13	-22882
29,14	-4848
29,15	4897
29,16	58141
29,17	-12505
29,18	26490
29,19	30381
29,2	-30330
29,20	-9284
29,21	-39052
29,22	-14185
29,23	21597
29,24	-22998
29,25	14057
29,26	1931
29,27	-11040
29,28	-3434
29,29	-33562
29,3	9068
29,30	-23691
29,31	39669
29,32	22206
29,33	-18930
29,34	-21430
29,35	-11246
29,36	26929
29,37	46923
29,38	-56593
29,39	3000
29,4	30465
29,40	37684
29,41	56032
29,42	21393
29,43	-15336
29,44	20779
29,45	-13870
29,46	23687
29,47	-2497
29,48	23070
29,49	6923
29,5	-5668
29,50	0
29,51	0
29,52	0
29,53	0
29,54	0
29,55	0
29,56	0
29,57	0
29,58	0
29,59	0
29,6	-32769
29,60	0
29,61	0
29,62	0
29,63	0
29,64	0
29,65	0
29,66	0
29,67	0
29,68	0
29,69	0
29,7	-7608
29,70	0
29,71	0
29,72	0
29,73	0
29,74	0
29,75	0
29,76	0
29,77	0
29,78	0
29,79	0
29,8	3412
29,80	0
29,81	0
29,82	0
29,83	0
29,84	0
29,85	0
29,86	0
29,87	0
29,88	0
29,89	0
29,9	23004
29,90	0
29,91	0
29,92	0
29,93	0
29,94	0
29,95	0
29,96	0
29,97	0
29,98	0
29,99	0
3,0	17937
3,1	-6233
3,10	-7407
3,11	-37912
3,12	-19649
3,13	-34706
3,14	-1012
3,15	-20079
3,16	-10453
3,17	8731
3,18	21068
3,19	55773
3,2	-9358
3,20	-2375
3,21	-14065
3,22	3983
3,23	-15712
3,24	27214
3,25	46767
3,26	-30873
3,27	4006
3,28	11329
3,29	20632
3,3	6622
3,30	-7323
3,31	23162
3,32	-37358
3,33	-28467
3,34	-27576
3,35	-39077
3,36	6573
3,37	-46482
3,38	12545
3,39	9631
3,4	-20337
3,40	-19062
3,41	-32353
3,42	-11763
3,43	-17472
3,44	-14166
3,45	50385
3,46	227
3,47	18160
3,48	16307
3,49	-25154
3,5	1872
3,50	0
3,51	0
3,52	0
3,53	0
3,54	0
3,55	0
3,56	0
3,57	0
3,58	0
3,59	0
3,6	51555
3,60	0
3,61	0
3,62	0
3,63	0
3,64	0
3,65	0
3,66	0
3,67	0
3,68	0
3,69	0
3,7	17687
3,70	0
3,71	0
3,72	0
3,73	0
3,74	0
3,75	0
3,76	0
3,77	0
3,78	0
3,79	0
3,8	-39453
3,80	0
3,81	0
3,82	0
3,83	0
3,84	0
3,85	0
3,86	0
3,87	0
3,88	0
3,89	0
3,9	41337
3,90	0
3,91	0
3,92	0
3,93	0
3,94	0
3,95	0
3,96	0
3,97	0
3,98	0
3,99	0
30,0	22032
30,1	-30769
30,10	18492
30,11	12479
30,12	53892
30,13	8212
30,14	31933
30,15	-46047
30,16	-21676
30,17	8805
30,18	21729
30,19	13292
30,2	26120
30,20	-47121
30,21	-13120
30,22	32078
30,23	20696
30,24	-18874
30,25	-8125
30,26	-2364
30,27	2505
30,28	-32904
30,29	-29982
30,3	24876
30,30	-6559
30,31	50871
30,32	2719
30,33	25114
30,34	9513
30,35	33179
30,36	1767
30,37	-5308
30,38	35447
30,39	-18005
30,4	-24423
30,40	-26832
30,41	17993
30,42	4220
30,43	22287
30,44	14098
30,45	-44402
30,46	-35037
30,47	37358
30,48	32994
30,49	20099
30,5	3041
30,50	0
30,51	0
30,52	0
30,53	0
30,54	0
30,55	0
30,56	0
30,57	0
30,58	0
30,59	0
30,6	12000
30,60	0
30,61	0
30,62	0
30,63	0
30,64	0
30,65	0
30,66	0
30,67	0
30,68	0
30,69	0
30,7	-43695
30,70	0
30,71	0
30,72	0
30,73	0
30,74	0
30,75	0
30,76	0
30,77	0
30,78	0
30,79	0
30,8	-1445
30,80	0
30,81	0
30,82	0
30,83	0
30,84	0
30,85	0
30,86	0
30,87	0
30,88	0
30,89	0
30,9	11435
30,90	0
30,91	0
30,92	0
30,93	0
30,94	0
30,95	0
30,96	0
30,97	0
30,98	0
30,99	0
31,0	31532
31,1	-28665
31,10	21348
31,11	-3165
31,12	-11349
31,13	-3214
31,14	2111
31,15	-6565
31,16	-12150
31,17	8597
31,18	-5416
31,19	36073
31,2	9574
31,20	7668
31,21	-34584
31,22	11820
31,23	-30367
31,24	-44892
31,25	16900
31,26	3204
31,27	-1522
31,28	-9973
31,29	7932
31,3	-13805
31,30	-5082
31,31	-23797
31,32	-17352
31,33	-392
31,34	-3862
31,35	26109
31,36	-7400
31,37	7716
31,38	2234
31,39	-13513
31,4	25163
31,40	30410
31,41	-19217
31,42	624
31,43	254
31,44	19534
31,45	-13186
31,46	-4678
31,47	-16944
31,48	2144
31,49	-9131
31,5	-43950
31,50	0
31,51	0
31,52	0
31,53	0
31,54	0
31,55	0
31,56	0
31,57	0
31,58	0
31,59	0
31,6	-38099
31,60	0
31,61	0
31,62	0
31,63	0
31,64	0
31,65	0
31,66	0
31,67	0
31,68	0
31,69	0
31,7	-12224
31,70	0
31,71	0
31,72	0
31,73	0
31,74	0
31,75	0
31,76	0
31,77	0
31,78	0
31,79	0
31,8	22514
31,80	0
31,81	0
31,82	0
31,83	0
31,84	0
31,85	0
31,86	0
31,87	0
31,88	0
31,89	0
31,9	-20213
31,90	0
31,91	0
31,92	0
31,93	0
31,94	0
31,95	0
31,96	0
31,97	0
31,98	0
31,99	0
32,0	-12886
32,1	-12304
32,10	9266
32,11	-4032
32,12	-7130
32,13	-14011
32,14	3984
32,15	-13645
32,16	1233
32,17	-11246
32,18	-1615
32,19	2228
32,2	-26103
32,20	-49850
32,21	-27808
32,22	-20341
32,23	-36097
32,24	9880
32,25	-46920
32,26	42960
32,27	16953
32,28	-25072
32,29	7592
32,3	7521
32,30	38813
32,31	38068
32,32	-40018
32,33	-33915
32,34	38697
32,35	19445
32,36	3977
32,37	-22234
32,38	-17109
32,39	-19676
32,4	3470
32,40	-33979
32,41	-42995
32,42	-24955
32,43	14782
32,44	16541
32,45	8326
32,46	-22494
32,47	137
32,48	9265
32,49	13127
32,5	-16732
32,50	0
32,51	0
32,52	0
32,53	0
32,54	0
32,55	0
32,56	0
32,57	0
32,58	0
32,59	0
32,6	42715
32,60	0
32,61	0
32,62	0
32,63	0
32,64	0
32,65	0
32,66	0
32,67	0
32,68	0
32,69	0
32,7	5240
32,70	0
32,71	0
32,72	0
32,73	0
32,74	0
32,75	0
32,76	0
32,77	0
32,78	0
32,79	0
32,8	2029
32,80	0
32,81	0
32,82	0
32,83	0
32,84	0
32,85	0
32,86	0
32,87	0
32,88	0
32,89	0
32,9	-19315
32,90	0
32,91	0
32,92	0
32,93	0
32,94	0
32,95	0
32,96	0
32,97	0
32,98	0
32,99	0
33,0	-39962
33,1	30707
33,10	-5752
33,11	-20941
33,12	5358
33,13	16222
33,14	-3501
33,15	12172
33,16	-32462
33,17	35205
33,18	-27330
33,19	4663
33,2	63715
33,20	15379
33,21	29798
33,22	25281
33,23	23592
33,24	33696
33,25	17208
33,26	9532
33,27	-6175
33,28	31860
33,29	19951
33,3	-17152
33,30	-9976
33,31	-261
33,32	19273
33,33	10493
33,34	-10822
33,35	23481
33,36	7103
33,37	-21945
33,38	-11868
33,39	1091
33,4	-1201
33,40	25130
33,41	-17177
33,42	-25734
33,43	21261
33,44	-22015
33,45	45344
33,46	-13749
33,47	-9794
33,48	-20371
33,49	-38297
33,5	23355
33,50	0
33,51	0
33,52	0
33,53	0
33,54	0
33,55	0
33,56	0
33,57	0
33,58	0
33,59	0
33,6	19015
33,60	0
33,61	0
33,62	0
33,63	0
33,64	0
33,65	0
33,66	0
33,67	0
33,68	0
33,69	0
33,7	1153
33,70	0
33,71	0
33,72	0
33,73	0
33,74	0
33,75	0
33,76	0
33,77	0
33,78	0
33,79	0
33,8	32811
33,80	0
33,81	0
33,82	0
33,83	0
33,84	0
33,85	0
33,86	0
33,87	0
33,88	0
33,89	0
33,9	-2305
33,90	0
33,91	0
33,92	0
33,93	0
33,94	0
33,95	0
33,96	0
33,97	0
33,98	0
33,99	0
34,0	17071
34,1	22836
34,10	16090
34,11	3364
34,12	6695
34,13	27382
34,14	-16913
34,15	15911
34,16	7417
34,17	2856
34,18	7952
34,19	-16408
34,2	37835
34,20	-15183
34,21	4022
34,22	13536
34,23	23411
34,24	20455
34,25	2160
34,26	-18143
34,27	48562
34,28	5976
34,29	-1548
34,3	-2837
34,30	-15677
34,31	6176
34,32	15308
34,33	-7300
34,34	9359
34,35	16496
34,36	-34414
34,37	8230
34,38	39556
34,39	-11550
34,4	-21149
34,40	-30493
34,41	13080
34,42	2834
34,43	-15710
34,44	-850
34,45	600
34,46	-33265
34,47	39155
34,48	-15093
34,49	18171
34,5	4445
34,50	0
34,51	0
34,52	0
34,53	0
34,54	0
34,55	0
34,56	0
34,57	0
34,58	0
34,59	0
34,6	-6032
34,60	0
34,61	0
34,62	0
34,63	0
34,64	0
34,65	0
34,66	0
34,67	0
34,68	0
34,69	0
34,7	29792
34,70	0
34,71	0
34,72	0
34,73	0
34,74	0
34,75	0
34,76	0
34,77	0
34,78	0
34,79	0
34,8	-41229
34,80	0
34,81	0
34,82	0
34,83	0
34,84	0
34,85	0
34,86	0
34,87	0
34,88	0
34,89	0
34,9	27981
34,90	0
34,91	0
34,92	0
34,93	0
34,94	0
34,95	0
34,96	0
34,97	0
34,98	0
34,99	0
35,0	1670
35,1	-30974
35,10	39136
35,11	2304
35,12	-6263
35,13	-4275
35,14	25905
35,15	29773
35,16	-5770
35,17	15287
35,18	33605
35,19	6790
35,2	-22088
35,20	15275
35,21	-6530
35,22	-8574
35,23	12874
35,24	-12980
35,25	-22116
35,26	30673
35,27	-3227
35,28	16705
35,29	-3264
35,3	22739
35,30	18622
35,31	46016
35,32	-26983
35,33	18537
35,34	-28948
35,35	11549
35,36	30426
35,37	-5175
35,38	39878
35,39	-15217
35,4	837
35,40	-3018
35,41	20398
35,42	-47476
35,43	23106
35,44	13702
35,45	10939
35,46	-35663
35,47	-13129
35,48	-1397
35,49	24772
35,5	33439
35,50	0
35,51	0
35,52	0
35,53	0
35,54	0
35,55	0
35,56	0
35,57	0
35,58	0
35,59	0
35,6	-19656
35,60	0
35,61	0
35,62	0
35,63	0
35,64	0
35,65	0
35,66	0
35,67	0
35,68	0
35,69	0
35,7	10262
35,70	0
35,71	0
35,72	0
35,73	0
35,74	0
35,75	0
35,76	0
35,77	0
35,78	0
35,79	0
35,8	-19550
35,80	0
35,81	0
35,82	0
35,83	0
35,84	0
35,85	0
35,86	0
35,87	0
35,88	0
35,89	0
35,9	17645
35,90	0
35,91	0
35,92	0
35,93	0
35,94	0
35,95	0
35,96	0
35,97	0
35,98	0
35,99	0
36,0	31519
36,1	17943
36,10	-12753
36,11	-27008
36,12	-9219
36,13	18123
36,14	-14898
36,15	46961
36,16	1428
36,17	-2279
36,18	-47517
36,19	1288
36,2	-9620
36,20	65243
36,21	4132
36,22	5971
36,23	3748
36,24	1803
36,25	38064
36,26	-8067
36,27	13798
36,28	34612
36,29	25050
36,3	-6789
36,30	-9476
36,31	-38841
36,32	-56106
36,33	-5867
36,34	-8524
36,35	-12467
36,36	-31103
36,37	-36136
36,38	18688
36,39	36445
36,4	10845
36,40	-22422
36,41	3995
36,42	20635
36,43	11399
36,44	22610
36,45	31724
36,46	12943
36,47	-14172
36,48	-19295
36,49	-18704
36,5	-22206
36,50	0
36,51	0
36,52	0
36,53	0
36,54	0
36,55	0
36,56	0
36,57	0
36,58	0
36,59	0
36,6	16561
36,60	0
36,61	0
36,62	0
36,63	0
36,64	0
36,65	0
36,66	0
36,67	0
36,68	0
36,69	0
36,7	14645
36,70	0
36,71	0
36,72	0
36,73	0
36,74	0
36,75	0
36,76	0
36,77	0
36,78	0
36,79	0
36,8	-63011
36,80	0
36,81	0
36,82	0
36,83	0
36,84	0
36,85	0
36,86	0
36,87	0
36,88	0
36,89	0
36,9	22304
36,90	0
36,91	0
36,92	0
36,93	0
36,94	0
36,95	0
36,96	0
36,97	0
36,98	0
36,99	0
37,0	12228
37,1	-24759
37,10	-6610
37,11	6951
37,12	-14093
37,13	-33106
37,14	-43808
37,15	10913
37,16	22935
37,17	1175
37,18	-16196
37,19	42848
37,2	-25968
37,20	-13564
37,21	8141
37,22	-36662
37,23	-12803
37,24	9630
37,25	-17573
37,26	2914
37,27	50376
37,28	22171
37,29	36786
37,3	-27348
37,30	43400
37,31	13551
37,32	-11570
37,33	-6505
37,34	53720
37,35	31438
37,36	31691
37,37	-42936
37,38	-25470
37,39	-38950
37,4	13352
37,40	25902
37,41	7290
37,42	-11403
37,43	-2732
37,44	17584
37,45	41759
37,46	19309
37,47	-16749
37,48	-65213
37,49	6694
37,5	36477
37,50	0
37,51	0
37,52	0
37,53	0
37,54	0
37,55	0
37,56	0
37,57	0
37,58	0
37,59	0
37,6	50038
37,60	0
37,61	0
37,62	0
37,63	0
37,64	0
37,65	0
37,66	0
37,67	0
37,68	0
37,69	0
37,7	70150
37,70	0
37,71	0
37,72	0
37,73	0
37,74	0
37,75	0
37,76	0
37,77	0
37,78	0
37,79	0
37,8	14980
37,80	0
37,81	0
37,82	0
37,83	0
37,84	0
37,85	0
37,86	0
37,87	0
37,88	0
37,89	0
37,9	-2796
37,90	0
37,91	0
37,92	0
37,93	0
37,94	0
37,95	0
37,96	0
37,97	0
37,98	0
37,99	0
38,0	42302
38,1	67263
38,10	-3278
38,11	-35443
38,12	7574
38,13	52861
38,14	47748
38,15	11646
38,16	-28709
38,17	53827
38,18	-43805
38,19	-25168
38,2	39575
38,20	40237
38,21	10876
38,22	18091
38,23	-50559
38,24	40793
38,25	20303
38,26	24955
38,27	-27716
38,28	248
38,29	13044
38,3	-18064
38,30	-4960
38,31	-61397
38,32	-15815
38,33	-17483
38,34	-2466
38,35	-1297
38,36	-42080
38,37	-21862
38,38	12340
38,39	1346
38,4	-5738
38,40	-15711
38,41	-53903
38,42	-10835
38,43	-1647
38,44	19588
38,45	-33607
38,46	18190
38,47	-21663
38,48	-29977
38,49	-9256
38,5	-8629
38,50	0
38,51	0
38,52	0
38,53	0
38,54	0
38,55	0
38,56	0
38,57	0
38,58	0
38,59	0
38,6	18794
38,60	0
38,61	0
38,62	0
38,63	0
38,64	0
38,65	0
38,66	0
38,67	0
38,68	0
38,69	0
38,7	27524
38,70	0
38,71	0
38,72	0
38,73	0
38,74	0
38,75	0
38,76	0
38,77	0
38,78	0
38,79	0
38,8	-4959
38,80	0
38,81	0
38,82	0
38,83	0
38,84	0
38,85	0
38,86	0
38,87	0
38,88	0
38,89	0
38,9	-13240
38,90	0
38,91	0
38,92	0
38,93	0
38,94	0
38,95	0
38,96	0
38,97	0
38,98	0
38,99	0
39,0	-10527
39,1	-18046
39,10	-1173
39,11	-7733
39,12	-2345
39,13	-2120
39,14	-61532
39,15	17128
39,16	-13005
39,17	-36939
39,18	-39549
39,19	-18844
39,2	4673
39,20	-15938
39,21	-18451
39,22	-5877
39,23	-49921
39,24	11217
39,25	-30938
39,26	19013
39,27	-1054
39,28	-7772
39,29	20171
39,3	21388
39,30	-18438
39,31	5974
39,32	17877
39,33	9842
39,34	62610
39,35	42127
39,36	45033
39,37	-35102
39,38	13221
39,39	-21480
39,4	-50411
39,40	-18294
39,41	14196
39,42	-11649
39,43	62335
39,44	-23437
39,45	-48042
39,46	31545
39,47	-13150
39,48	8863
39,49	40073
39,5	13635
39,50	0
39,51	0
39,52	0
39,53	0
39,54	0
39,55	0
39,56	0
39,57	0
39,58	0
39,59	0
39,6	-37119
39,60	0
39,61	0
39,62	0
39,63	0
39,64	0
39,65	0
39,66	0
39,67	0
39,68	0
39,69	0
39,7	17981
39,70	0
39,71	0
39,72	0
39,73	0
39,74	0
39,75	0
39,76	0
39,77	0
39,78	0
39,79	0
39,8	-4514
39,80	0
39,81	0
39,82	0
39,83	0
39,84	0
39,85	0
39,86	0
39,87	0
39,88	0
39,89	0
39,9	45248
39,90	0
39,91	0
39,92	0
39,93	0
39,94	0
39,95	0
39,96	0
39,97	0
39,98	0
39,99	0
4,0	19721
4,1	-5460
4,10	16022
4,11	32468
4,12	-43965
4,13	13922
4,14	-4527
4,15	-645
4,16	12645
4,17	-60983
4,18	27967
4,19	-43660
4,2	-5413
4,20	29073
4,21	10888
4,22	-44035
4,23	24737
4,24	36224
4,25	-21633
4,26	-25142
4,27	15724
4,28	-15287
4,29	-43904
4,3	13542
4,30	27485
4,31	6186
4,32	37033
4,33	34968
4,34	812
4,35	16335
4,36	-28852
4,37	46808
4,38	60865
4,39	52621
4,4	-20972
4,40	-46291
4,41	-1733
4,42	-7437
4,43	-16233
4,44	-35319
4,45	-1998
4,46	-23340
4,47	40878
4,48	4129
4,49	28599
4,5	-72
4,50	0
4,51	0
4,52	0
4,53	0
4,54	0
4,55	0
4,56	0
4,57	0
4,58	0
4,59	0
4,6	-39534
4,60	0
4,61	0
4,62	0
4,63	0
4,64	0
4,65	0
4,66	0
4,67	0
4,68	0
4,69	0
4,7	-22842
4,70	0
4,71	0
4,72	0
4,73	0
4,74	0
4,75	0
4,76	0
4,77	0
4,78	0
4,79	0
4,8	-9708
4,80	0
4,81	0
4,82	0
4,83	0
4,84	0
4,85	0
4,86	0
4,87	0
4,88	0
4,89	0
4,9	2145
4,90	0
4,91	0
4,92	0
4,93	0
4,94	0
4,95	0
4,96	0
4,97	0
4,98	0
4,99	0
40,0	-14664
40,1	-27434
40,10	7841
40,11	3709
40,12	-57256
40,13	-40742
40,14	-12081
40,15	-17437
40,16	-29045
40,17	-35826
40,18	38876
40,19	25235
40,2	-39279
40,20	-26015
40,21	-10114
40,22	-17679
40,23	-42179
40,24	1331
40,25	37070
40,26	-21942
40,27	-6563
40,28	17909
40,29	-37598
40,3	-4109
40,30	-6071
40,31	-5567
40,32	42388
40,33	31712
40,34	10948
40,35	10063
40,36	20907
40,37	9474
40,38	5524
40,39	528
40,4	-19750
40,40	-18367
40,41	-14440
40,42	-3846
40,43	-17951
40,44	-37593
40,45	-19115
40,46	13849
40,47	35648
40,48	-2438
40,49	-8062
40,5	-8719
40,50	0
40,51	0
40,52	0
40,53	0
40,54	0
40,55	0
40,56	0
40,57	0
40,58	0
40,59	0
40,6	-19126
40,60	0
40,61	0
40,62	0
40,63	0
40,64	0
40,65	0
40,66	0
40,67	0
40,68	0
40,69	0
40,7	-6577
40,70	0
40,71	0
40,72	0
40,73	0
40,74	0
40,75	0
40,76	0
40,77	0
40,78	0
40,79	0
40,8	46760
40,80	0
40,81	0
40,82	0
40,83	0
40,84	0
40,85	0
40,86	0
40,87	0
40,88	0
40,89	0
40,9	-21690
40,90	0
40,91	0
40,92	0
40,93	0
40,94	0
40,95	0
40,96	0
40,97	0
40,98	0
40,99	0
41,0	-31042
41,1	27878
41,10	-12792
41,11	-11400
41,12	-1126
41,13	27935
41,14	5020
41,15	27385
41,16	-17336
41,17	9658
41,18	13958
41,19	-545
41,2	-2864
41,20	-967
41,21	35342
41,22	-27213
41,23	40863
41,24	-22796
41,25	24701
41,26	-30171
41,27	-25458
41,28	19746
41,29	5507
41,3	9430
41,30	704
41,31	-10286
41,32	25041
41,33	27702
41,34	16226
41,35	-3570
41,36	6062
41,37	29329
41,38	27674
41,39	7265
41,4	12879
41,40	29299
41,41	36955
41,42	-29303
41,43	2646
41,44	4628
41,45	14224
41,46	9119
41,47	-10136
41,48	-4341
41,49	-47257
41,5	24849
41,50	0
41,51	0
41,52	0
41,53	0
41,54	0
41,55	0
41,56	0
41,57	0
41,58	0
41,59	0
41,6	21991
41,60	0
41,61	0
41,62	0
41,63	0
41,64	0
41,65	0
41,66	0
41,67	0
41,68	0
41,69	0
41,7	12340
41,70	0
41,71	0
41,72	0
41,73	0
41,74	0
41,75	0
41,76	0
41,77	0
41,78	0
41,79	0
41,8	33443
41,80	0
41,81	0
41,82	0
41,83	0
41,84	0
41,85	0
41,86	0
41,87	0
41,88	0
41,89	0
41,9	19336
41,90	0
41,91	0
41,92	0
41,93	0
41,94	0
41,95	0
41,96	0
41,97	0
41,98	0
41,99	0
42,0	-13916
42,1	-8998
42,10	32815
42,11	-15354
42,12	-16351
42,13	7078
42,14	587
42,15	-11717
42,16	-38946
42,17	-3420
42,18	-12961
42,19	-40271
42,2	51738
42,20	-12561
42,21	1210
42,22	15046
42,23	-3497
42,24	32120
42,25	2604
42,26	-6373
42,27	-27992
42,28	-6106
42,29	27088
42,3	-20052
42,30	-43780
42,31	662
42,32	5687
42,33	31998
42,34	-9924
42,35	46018
42,36	9226
42,37	7985
42,38	12245
42,39	-12074
42,4	-9225
42,40	-5176
42,41	-2749
42,42	-19091
42,43	773
42,44	-21127
42,45	-9820
42,46	-21332
42,47	-3538
42,48	14836
42,49	-29338
42,5	-35104
42,50	0
42,51	0
42,52	0
42,53	0
42,54	0
42,55	0
42,56	0
42,57	0
42,58	0
42,59	0
42,6	24346
42,60	0
42,61	0
42,62	0
42,63	0
42,64	0
42,65	0
42,66	0
42,67	0
42,68	0
42,69	0
42,7	-38540
42,70	0
42,71	0
42,72	0
42,73	0
42,74	0
42,75	0
42,76	0
42,77	0
42,78	0
42,79	0
42,8	11080
42,80	0
42,81	0
42,82	0
42,83	0
42,84	0
42,85	0
42,86	0
42,87	0
42,88	0
42,89	0
42,9	5123
42,90	0
42,91	0
42,92	0
42,93	0
42,94	0
42,95	0
42,96	0
42,97	0
42,98	0
42,99	0
43,0	-16758
43,1	16122
43,10	29970
43,11	31468
43,12	-7573
43,13	-15789
43,14	19563
43,15	-14316
43,16	25228
43,17	-9542
43,18	-8114
43,19	-22901
43,2	8146
43,20	-23845
43,21	-9434
43,22	-7625
43,23	2005
43,24	-14625
43,25	-49076
43,26	-4149
43,27	13454
43,28	4814
43,29	3752
43,3	-19684
43,30	24640
43,31	-25833
43,32	-14774
43,33	-20949
43,34	25639
43,35	-17883
43,36	-46115
43,37	-10414
43,38	-32542
43,39	-11841
43,4	-9897
43,40	8514
43,41	-40684
43,42	-8756
43,43	-18087
43,44	1414
43,45	29039
43,46	-3245
43,47	12170
43,48	8965
43,49	-19833
43,5	-16454
43,50	0
43,51	0
43,52	0
43,53	0
43,54	0
43,55	0
43,56	0
43,57	0
43,58	0
43,59	0
43,6	16002
43,60	0
43,61	0
43,62	0
43,63	0
43,64	0
43,65	0
43,66	0
43,67	0
43,68	0
43,69	0
43,7	18023
43,70	0
43,71	0
43,72	0
43,73	0
43,74	0
43,75	0
43,76	0
43,77	0
43,78	0
43,79	0
43,8	3100
43,80	0
43,81	0
43,82	0
43,83	0
43,84	0
43,85	0
43,86	0
43,87	0
43,88	0
43,89	0
43,9	-51037
43,90	0
43,91	0
43,92	0
43,93	0
43,94	0
43,95	0
43,96	0
43,97	0
43,98	0
43,99	0
44,0	8058
44,1	36218
44,10	-47127
44,11	-14565
44,12	14423
44,13	34364
44,14	-37912
44,15	16230
44,16	50711
44,17	23943
44,18	-7571
44,19	-2713
44,2	-5924
44,20	-31282
44,21	-24631
44,22	-55584
44,23	-3193
44,24	-28070
44,25	30485
44,26	9409
44,27	754
44,28	16482
44,29	-2930
44,3	25163
44,30	7707
44,31	-39413
44,32	-17948
44,33	-18206
44,34	9129
44,35	-40863
44,36	-2117
44,37	-4970
44,38	-14679
44,39	-12500
44,4	-3973
44,40	-22144
44,41	-5913
44,42	21727
44,43	35702
44,44	30827
44,45	-19769
44,46	863
44,47	-20987
44,48	-12319
44,49	1157
44,5	31930
44,50	0
44,51	0
44,52	0
44,53	0
44,54	0
44,55	0
44,56	0
44,57	0
44,58	0
44,59	0
44,6	2028
44,60	0
44,61	0
44,62	0
44,63	0
44,64	0
44,65	0
44,66	0
44,67	0
44,68	0
44,69	0
44,7	21122
44,70	0
44,71	0
44,72	0
44,73	0
44,74	0
44,75	0
44,76	0
44,77	0
44,78	0
44,79	0
44,8	4332
44,80	0
44,81	0
44,82	0
44,83	0
44,84	0
44,85	0
44,86	0
44,87	0
44,88	0
44,89	0
44,9	34494
44,90	0
44,91	0
44,92	0
44,93	0
44,94	0
44,95	0
44,96	0
44,97	0
44,98	0
44,99	0
45,0	-24429
45,1	12002
45,10	1418
45,11	23853
45,12	-29653
45,13	8058
45,14	-5256
45,15	-2885
45,16	10757
45,17	16425
45,18	51230
45,19	-41725
45,2	6950
45,20	7459
45,21	-1896
45,22	-34511
45,23	-8449
45,24	5826
45,25	10191
45,26	-2619
45,27	-20733
45,28	26419
45,29	16348
45,3	-2693
45,30	5430
45,31	-4397
45,32	-11314
45,33	12535
45,34	-23104
45,35	11774
45,36	13533
45,37	9115
45,38	17107
45,39	-6560
45,4	19230
45,40	14497
45,41	-43277
45,42	-21857
45,43	-10587
45,44	3332
45,45	-968
45,46	-24949
45,47	-25009
45,48	43095
45,49	-49131
45,5	10155
45,50	0
45,51	0
45,52	0
45,53	0
45,54	0
45,55	0
45,56	0
45,57	0
45,58	0
45,59	0
45,6	-14929
45,60	0
45,61	0
45,62	0
45,63	0
45,64	0
45,65	0
45,66	0
45,67	0
45,68	0
45,69	0
45,7	24045
45,70	0
45,71	0
45,72	0
45,73	0
45,74	0
45,75	0
45,76	0
45,77	0
45,78	0
45,79	0
45,8	39036
45,80	0
45,81	0
45,82	0
45,83	0
45,84	0
45,85	0
45,86	0
45,87	0
45,88	0
45,89	0
45,9	22612
45,90	0
45,91	0
45,92	0
45,93	0
45,94	0
45,95	0
45,96	0
45,97	0
45,98	0
45,99	0
46,0	10030
46,1	-19040
46,10	-6296
46,11	44575
46,12	-19250
46,13	-30717
46,14	-23196
46,15	-3906
46,16	5013
46,17	-16182
46,18	31701
46,19	-9764
46,2	-24432
46,20	17250
46,21	-33238
46,22	-2787
46,23	-18414
46,24	-7475
46,25	6301
46,26	-45114
46,27	-4724
46,28	-3726
46,29	4325
46,3	-53022
46,30	-27929
46,31	-6339
46,32	-23881
46,33	24427
46,34	-15087
46,35	-686
46,36	-20544
46,37	-27360
46,38	18756
46,39	19186
46,4	25276
46,40	-6912
46,41	-62590
46,42	24109
46,43	-17557
46,44	-13433
46,45	-28998
46,46	12362
46,47	11653
46,48	6161
46,49	-2769
46,5	-1013
46,50	0
46,51	0
46,52	0
46,53	0
46,54	0
46,55	0
46,56	0
46,57	0
46,58	0
46,59	0
46,6	-33400
46,60	0
46,61	0
46,62	0
46,63	0
46,64	0
46,65	0
46,66	0
46,67	0
46,68	0
46,69	0
46,7	36099
46,70	0
46,71	0
46,72	0
46,73	0
46,74	0
46,75	0
46,76	0
46,77	0
46,78	0
46,79	0
46,8	-1064
46,80	0
46,81	0
46,82	0
46,83	0
46,84	0
46,85	0
46,86	0
46,87	0
46,88	0
46,89	0
46,9	-5288
46,90	0
46,91	0
46,92	0
46,93	0
46,94	0
46,95	0
46,96	0
46,97	0
46,98	0
46,99	0
47,0	5910
47,1	31948
47,10	13864
47,11	-16254
47,12	9261
47,13	6936
47,14	-4931
47,15	33059
47,16	-15020
47,17	-14570
47,18	-30641
47,19	-4715
47,2	-6837
47,20	13399
47,21	-6100
47,22	4829
47,23	21431
47,24	-21335
47,25	35704
47,26	-11408
47,27	30215
47,28	33131
47,29	35398
47,3	30785
47,30	50641
47,31	13213
47,32	3416
47,33	16616
47,34	-1894
47,35	5062
47,36	11871
47,37	-12561
47,38	58986
47,39	-12605
47,4	-13355
47,40	-20380
47,41	-1960
47,42	7912
47,43	3245
47,44	2855
47,45	4495
47,46	-54221
47,47	-15874
47,48	11425
47,49	-26049
47,5	765
47,50	0
47,51	0
47,52	0
47,53	0
47,54	0
47,55	0
47,56	0
47,57	0
47,58	0
47,59	0
47,6	27426
47,60	0
47,61	0
47,62	0
47,63	0
47,64	0
47,65	0
47,66	0
47,67	0
47,68	0
47,69	0
47,7	-10241
47,70	0
47,71	0
47,72	0
47,73	0
47,74	0
47,75	0
47,76	0
47,77	0
47,78	0
47,79	0
47,8	-3070
47,80	0
47,81	0
47,82	0
47,83	0
47,84	0
47,85	0
47,86	0
47,87	0
47,88	0
47,89	0
47,9	20974
47,90	0
47,91	0
47,92	0
47,93	0
47,94	0
47,95	0
47,96	0
47,97	0
47,98	0
47,99	0
48,0	-16216
48,1	53181
48,10	-11302
48,11	-33293
48,12	44395
48,13	9146
48,14	26085
48,15	-15464
48,16	-16973
48,17	31332
48,18	-17159
48,19	30892
48,2	60181
48,20	-5464
48,21	30080
48,22	44169
48,23	34745
48,24	17358
48,25	50119
48,26	12446
48,27	5545
48,28	3374
48,29	-25469
48,3	2416
48,30	-16783
48,31	19942
48,32	23254
48,33	-22970
48,34	-10889
48,35	-40228
48,36	-30825
48,37	-12470
48,38	-18048
48,39	-2572
48,4	-16076
48,40	-10846
48,41	32163
48,42	11921
48,43	-15441
48,44	386
48,45	15174
48,46	14019
48,47	10609
48,48	24574
48,49	-18240
48,5	8296
48,50	0
48,51	0
48,52	0
48,53	0
48,54	0
48,55	0
48,56	0
48,57	0
48,58	0
48,59	0
48,6	33751
48,60	0
48,61	0
48,62	0
48,63	0
48,64	0
48,65	0
48,66	0
48,67	0
48,68	0
48,69	0
48,7	-2026
48,70	0
48,71	0
48,72	0
48,73	0
48,74	0
48,75	0
48,76	0
48,77	0
48,78	0
48,79	0
48,8	-44863
48,80	0
48,81	0
48,82	0
48,83	0
48,84	0
48,85	0
48,86	0
48,87	0
48,88	0
48,89	0
48,9	26182
48,90	0
48,91	0
48,92	0
48,93	0
48,94	0
48,95	0
48,96	0
48,97	0
48,98	0
48,99	0
49,0	-61809
49,1	13281
49,10	293
49,11	-1916
49,12	-26420
49,13	-35807
49,14	-43150
49,15	4012
49,16	-21279
49,17	-7207
49,18	30240
49,19	-13265
49,2	-1385
49,20	-40991
49,21	19731
49,22	33358
49,23	-1911
49,24	-7232
49,25	21961
49,26	-9497
49,27	6354
49,28	2588
49,29	-18784
49,3	16702
49,30	-42323
49,31	56414
49,32	34498
49,33	20390
49,34	-10001
49,35	-29623
49,36	20408
49,37	21228
49,38	-10305
49,39	-7050
49,4	-24494
49,40	13439
49,41	25806
49,42	20090
49,43	-37349
49,44	-15478
49,45	-4889
49,46	-19257
49,47	-9485
49,48	59493
49,49	-25506
49,5	-7848
49,50	0
49,51	0
49,52	0
49,53	0
49,54	0
49,55	0
49,56	0
49,57	0
49,58	0
49,59	0
49,6	7488
49,60	0
49,61	0
49,62	0
49,63	0
49,64	0
49,65	0
49,66	0
49,67	0
49,68	0
49,69	0
49,7	-24619
49,70	0
49,71	0
49,72	0
49,73	0
49,74	0
49,75	0
49,76	0
49,77	0
49,78	0
49,79	0
49,8	1577
49,80	0
49,81	0
49,82	0
49,83	0
49,84	0
49,85	0
49,86	0
49,87	0
49,88	0
49,89	0
49,9	40771
49,90	0
49,91	0
49,92	0
49,93	0
49,94	0
49,95	0
49,96	0
49,97	0
49,98	0
49,99	0
5,0	41433
5,1	5234
5,10	2203
5,11	4903
5,12	17807
5,13	20848
5,14	-7623
5,15	-11060
5,16	-29413
5,17	-9135
5,18	-1609
5,19	-5417
5,2	35796
5,20	-2265
5,21	-3
5,22	-7524
5,23	4049
5,24	-35048
5,25	55012
5,26	3220
5,27	-23876
5,28	-9523
5,29	-20022
5,3	13733
5,30	4008
5,31	-30470
5,32	31087
5,33	-16605
5,34	9498
5,35	27235
5,36	-29792
5,37	41538
5,38	33997
5,39	-27475
5,4	-19352
5,40	-8060
5,41	-17199
5,42	-12375
5,43	11096
5,44	19314
5,45	-57077
5,46	-28308
5,47	13762
5,48	24182
5,49	17808
5,5	6897
5,50	0
5,51	0
5,52	0
5,53	0
5,54	0
5,55	0
5,56	0
5,57	0
5,58	0
5,59	0
5,6	-49109
5,60	0
5,61	0
5,62	0
5,63	0
5,64	0
5,65	0
5,66	0
5,67	0
5,68	0
5,69	0
5,7	-17164
5,70	0
5,71	0
5,72	0
5,73	0
5,74	0
5,75	0
5,76	0
5,77	0
5,78	0
5,79	0
5,8	20107
5,80	0
5,81	0
5,82	0
5,83	0
5,84	0
5,85	0
5,86	0
5,87	0
5,88	0
5,89	0
5,9	-13465
5,90	0
5,91	0
5,92	0
5,93	0
5,94	0
5,95	0
5,96	0
5,97	0
5,98	0
5,99	0
6,0	-26446
6,1	-34009
6,10	17004
6,11	27939
6,12	8246
6,13	-10428
6,14	15914
6,15	-36946
6,16	27004
6,17	-43709
6,18	-1618
6,19	-2140
6,2	-5159
6,20	12640
6,21	-17610
6,22	16431
6,23	41232
6,24	-11387
6,25	-41612
6,26	43050
6,27	-10691
6,28	-22408
6,29	-37269
6,3	22579
6,30	23160
6,31	28156
6,32	-26019
6,33	-32915
6,34	13499
6,35	44334
6,36	-58980
6,37	10511
6,38	-49540
6,39	36212
6,4	5465
6,40	17890
6,41	22180
6,42	986
6,43	-5976
6,44	7152
6,45	223
6,46	-7899
6,47	27522
6,48	35520
6,49	-157
6,5	-10287
6,50	0
6,51	0
6,52	0
6,53	0
6,54	0
6,55	0
6,56	0
6,57	0
6,58	0
6,59	0
6,6	-17620
6,60	0
6,61	0
6,62	0
6,63	0
6,64	0
6,65	0
6,66	0
6,67	0
6,68	0
6,69	0
6,7	-15127
6,70	0
6,71	0
6,72	0
6,73	0
6,74	0
6,75	0
6,76	0
6,77	0
6,78	0
6,79	0
6,8	-15204
6,80	0
6,81	0
6,82	0
6,83	0
6,84	0
6,85	0
6,86	0
6,87	0
6,88	0
6,89	0
6,9	-53554
6,90	0
6,91	0
6,92	0
6,93	0
6,94	0
6,95	0
6,96	0
6,97	0
6,98	0
6,99	0
7,0	-14094
7,1	-17640
7,10	-2527
7,11	-1303
7,12	46550
7,13	-33231
7,14	23930
7,15	-12318
7,16	38913
7,17	-32439
7,18	-38076
7,19	-15239
7,2	6779
7,20	2353
7,21	1878
7,22	-7821
7,23	12060
7,24	-13814
7,25	29202
7,26	6134
7,27	28578
7,28	4683
7,29	8312
7,3	-44626
7,30	17430
7,31	-34283
7,32	10069
7,33	26867
7,34	-3627
7,35	5234
7,36	34817
7,37	19569
7,38	-11544
7,39	32358
7,4	11763
7,40	-44904
7,41	14292
7,42	-10151
7,43	-5106
7,44	-15728
7,45	-386
7,46	-37787
7,47	-27966
7,48	-13718
7,49	3121
7,5	302
7,50	0
7,51	0
7,52	0
7,53	0
7,54	0
7,55	0
7,56	0
7,57	0
7,58	0
7,59	0
7,6	11970
7,60	0
7,61	0
7,62	0
7,63	0
7,64	0
7,65	0
7,66	0
7,67	0
7,68	0
7,69	0
7,7	-12232
7,70	0
7,71	0
7,72	0
7,73	0
7,74	0
7,75	0
7,76	0
7,77	0
7,78	0
7,79	0
7,8	664
7,80	0
7,81	0
7,82	0
7,83	0
7,84	0
7,85	0
7,86	0
7,87	0
7,88	0
7,89	0
7,9	-23445
7,90	0
7,91	0
7,92	0
7,93	0
7,94	0
7,95	0
7,96	0
7,97	0
7,98	0
7,99	0
8,0	37613
8,1	-21554
8,10	-7156
8,11	23708
8,12	-19727
8,13	-2312
8,14	23759
8,15	922
8,16	4393
8,17	-4568
8,18	6403
8,19	34732
8,2	-10840
8,20	-2490
8,21	-18862
8,22	-27446
8,23	-28106
8,24	479
8,25	11932
8,26	-18483
8,27	28532
8,28	24842
8,29	1308
8,3	-22638
8,30	2662
8,31	-29147
8,32	7941
8,33	19713
8,34	17426
8,35	-3529
8,36	-1417
8,37	-4359
8,38	16493
8,39	32543
8,4	-25136
8,40	-42582
8,41	-24202
8,42	3597
8,43	14988
8,44	-15421
8,45	24798
8,46	29565
8,47	2177
8,48	-65278
8,49	-4902
8,5	9260
8,50	0
8,51	0
8,52	0
8,53	0
8,54	0
8,55	0
8,56	0
8,57	0
8,58	0
8,59	0
8,6	-3195
8,60	0
8,61	0
8,62	0
8,63	0
8,64	0
8,65	0
8,66	0
8,67	0
8,68	0
8,69	0
8,7	26610
8,70	0
8,71	0
8,72	0
8,73	0
8,74	0
8,75	0
8,76	0
8,77	0
8,78	0
8,79	0
8,8	10896
8,80	0
8,81	0
8,82	0
8,83	0
8,84	0
8,85	0
8,86	0
8,87	0
8,88	0
8,89	0
8,9	-15479
8,90	0
8,91	0
8,92	0
8,93	0
8,94	0
8,95	0
8,96	0
8,97	0
8,98	0
8,99	0
9,0	-13519
9,1	-7081
9,10	-5714
9,11	43220
9,12	12231
9,13	-21737
9,14	-28823
9,15	-26790
9,16	-54277
9,17	-15995
9,18	5035
9,19	-19081
9,2	11433
9,20	-58718
9,21	-6170
9,22	17402
9,23	5297
9,24	1565
9,25	-35334
9,26	-18161
9,27	18758
9,28	15663
9,29	20572
9,3	-31035
9,30	-6131
9,31	28161
9,32	-14562
9,33	9357
9,34	-27237
9,35	1258
9,36	-8838
9,37	-23946
9,38	-1088
9,39	6780
9,4	-18078
9,40	-20789
9,41	-56659
9,42	33097
9,43	-19779
9,44	-34259
9,45	-15167
9,46	-24909
9,47	-10445
9,48	11972
9,49	-21039
9,5	36067
9,50	0
9,51	0
9,52	0
9,53	0
9,54	0
9,55	0
9,56	0
9,57	0
9,58	0
9,59	0
9,6	8096
9,60	0
9,61	0
9,62	0
9,63	0
9,64	0
9,65	0
9,66	0
9,67	0
9,68	0
9,69	0
9,7	8606
9,70	0
9,71	0
9,72	0
9,73	0
9,74	0
9,75	0
9,76	0
9,77	0
9,78	0
9,79	0
9,8	27478
9,80	0
9,81	0
9,82	0
9,83	0
9,84	0
9,85	0
9,86	0
9,87	0
9,88	0
9,89	0
9,9	-15733
9,90	0
9,91	0
9,92	0
9,93	0
9,94	0
9,95	0
9,96	0
9,97	0
9,98	0
9,99	0
